1575
1571
1659
1991
1675
1738
1225
558
1465
42
1551
1504
444
276
370
954
30
1951
1328
177
1294
586
1510
1801
1534
349
1342
664
939
1486
638
950
329
831
50
1355
146
1524
1652
1565
1284
1804
391
1830
1695
1889
1756
1153
390
230
1648
1009
409
622
63
1877
512
1205
710
1413
1411
919
265
1136
1846
976
894
1555
755
298
718
625
1158
1901
1341
684
278
731
882
1495
228
775
321
254
1529
69
1684
1569
1558
347
689
1070
1707
770
1280
1692
1938
721
873
534
11
382
214
863
1737
1069
1773
1871
1190
1344
407
1392
371
1848
445
679
909
1528
404
15
1792
1492
1004
508
39
1131
403
715
1797
1832
876
1420
16
1335
906
1677
1498
1453
1253
380
1073
656
1319
1186
1346
138
1093
576
54
315
1612
833
510
125
1803
1945
1180
787
1717
1118
846
1766
851
449
777
627
397
1614
1836
703
1604
198
1763
1992
1520
905
130
240
1841
867
524
1121
1480
1564
537
1398
156
1350
988
1440
762
1236
102
772
1728
1213
180
813
970
161
1956
1972
43
997
1509
1315
1818
1662
1379
1139
671
392
1552
163
1799
37
525
1624
588
354
1617
191
885
59
849
1473
1267
1435
1215
1343
1745
550
186
458
1446
937
1780
120
822
181
1421
1268
1668
918
114
1882
1086
1241
1297
730
1311
580
699
1448
241
116
1807
1000
636
1708
943
248
708
1429
195
792
644
139
681
1954
958
624
1822
1257
1475
1982
10
1885
1900
1623
1742
441
1141
1613
1008
244
1393
83
1819
53
313
1918
32
320
994
1313
1507
245
1522
62
1828
1953
34
1332
566
1207
841
1989
1838
1834
782
1765
888
1586
1720
1839
996
1366
1468
344
1837
1573
1959
1479
281
1981
1935
150
1798
1433
843
314
1003
29
91
860
1958
977
13
341
0
1459
1628
247
726
725
1904
197
1540
929
908
820
90
438
779
299
35
308
1092
1452
1179
154
910
973
1217
289
547
1406
334
1501
1739
75
489
470
326
496
955
1234
1370
224
832
1079
1298
270
1466
1584
291
1566
418
1627
505
604
1148
1937
992
1307
1036
74
1530
544
1978
141
1770
1441
880
366
758
1968
593
1354
1531
1850
1302
960
1423
1893
1431
119
1263
1587
469
872
1080
235
483
1643
258
1917
1907
578
155
1443
552
917
346
1266
1364
984
564
1026
1074
1700
1347
1130
300
1925
983
1245
1053
3
1955
641
1971
887
14
1499
1238
817
201
1757
1235
533
1047
561
513
613
386
1276
70
611
815
1262
209
1785
338
741
1396
1113
273
8
1771
151
1821
1653
1513
249
1095
1051
1922
1645
1864
1602
1326
1166
1108
618
1774
396
1027
1518
1318
101
1482
1293
1691
1145
1418
1192
1751
1149
805
1402
1849
1713
1167
1456
1087
192
920
1588
1502
632
251
1306
188
1175
549
1847
1542
1037
1722
1283
1769
1028
1292
1949
65
1881
506
1152
1481
413
272
269
712
372
521
234
1721
1198
647
375
487
1636
479
1128
1856
1741
60
1169
750
490
1916
540
1576
899
711
1059
572
995
1560
79
925
1790
1454
1388
1651
261
1831
1365
92
1375
724
1005
1921
972
56
1353
111
425
68
1137
732
93
821
1806
701
789
76
797
790
411
1488
1974
1997
1381
450
1715
1226
535
1044
277
1582
661
589
1883
459
579
343
1345
520
1040
1025
1980
1115
677
571
1853
142
1220
864
768
336
1054
587
45
1052
871
555
356
1548
1066
202
1873
1378
663
1912
965
1683
800
1374
103
590
1172
1808
1376
941
1289
634
739
164
40
1184
1397
1061
96
1357
707
522
559
751
1813
773
364
799
1574
500
446
1407
1242
1483
737
959
940
1042
1703
1300
78
596
1508
1580
736
1658
360
342
1067
650
361
1274
19
1843
674
1960
1679
1223
1363
1688
1018
1663
1672
1244
616
597
653
1855
72
137
1875
1920
1906
934
1467
305
1091
962
1963
99
502
267
1273
998
1908
606
1391
205
1400
352
870
1496
122
646
1077
1494
1360
562
1096
1194
443
415
852
581
1312
1660
1621
1993
279
1361
620
796
322
293
1521
481
49
1491
1861
1666
1969
152
692
1744
362
325
1104
55
67
855
368
388
463
1598
1561
48
1085
1696
1291
1183
1767
288
1764
1039
1523
928
1682
207
766
612
706
1255
1878
123
216
85
1196
1168
1911
1247
1572
126
193
1193
756
1595
963
719
1083
786
330
1251
574
1546
1788
722
399
439
131
1248
556
4
423
776
769
232
301
194
748
1019
1865
1577
1178
1568
1463
218
1444
257
1282
1270
746
931
1
1390
1988
680
877
1796
980
1382
1138
538
1637
526
1177
542
1173
1781
98
652
1996
1879
1340
1723
1442
546
1793
461
878
1048
1810
801
1579
1844
1062
376
274
1111
264
494
729
986
1163
1913
1389
252
1820
1802
1424
473
433
896
295
697
357
474
1022
757
1697
1783
1685
317
1914
1895
1676
223
987
705
220
1794
1324
1533
1752
1210
543
1304
250
1726
482
1948
159
827
1447
1349
1323
785
82
949
1187
829
448
1606
1740
488
1165
1929
1231
645
284
467
696
1984
1014
1690
398
1667
716
695
165
1477
1352
691
830
1310
148
1371
639
713
592
158
1727
455
140
412
1415
1868
1232
1368
1589
1414
1866
971
1681
5
21
517
374
890
1970
1089
129
1386
309
64
1155
633
1711
889
1277
610
178
1619
1197
393
874
176
798
231
1058
1338
442
1487
670
1670
944
238
1316
1809
286
1957
1010
1303
1031
781
733
840
199
1356
727
187
1833
212
280
110
978
834
807
623
672
1620
1517
105
365
1474
66
838
1147
1547
1814
61
1143
71
1669
1639
1553
1295
460
793
219
104
1890
1732
1123
981
897
1686
1286
495
1644
401
1556
9
1603
1484
531
1876
1106
1979
738
1410
1977
1590
190
1874
1601
1823
1825
1975
421
1779
1557
476
1632
132
1759
615
686
749
1321
892
818
667
492
709
1733
1671
287
1705
1842
1549
685
1218
351
895
475
1372
1626
179
23
1434
569
914
1404
121
1581
1607
745
816
1478
1438
282
1157
1600
1146
1656
932
1002
1761
333
1125
783
17
1962
665
1369
255
682
1655
1525
557
1102
761
599
743
1640
1854
933
1049
115
485
1629
854
171
143
1754
1451
551
1134
363
233
1160
764
858
1985
594
307
666
468
1259
1909
1983
1550
174
113
1117
385
1016
809
640
536
1362
1869
1859
94
1567
109
1778
1543
1897
358
1334
504
355
560
1383
1170
1258
1527
784
451
1898
472
33
1789
759
1758
1994
331
1840
256
1461
1941
1305
1046
1858
1227
1075
883
1599
511
1035
1156
1585
584
332
1734
340
668
575
881
904
700
435
1852
1995
582
891
1050
1088
1472
1409
1805
507
989
1714
185
1090
577
1432
945
1860
658
263
567
1625
869
1164
619
226
1122
153
1990
1243
157
1857
1936
898
1033
1038
221
353
956
379
1195
1583
1891
427
1445
1654
1233
210
1665
1103
383
1817
217
414
1709
1998
100
1946
1578
41
1515
635
1150
402
134
133
991
1327
916
26
1811
306
1237
541
1464
290
673
1081
1185
886
1905
1419
302
734
1119
1007
1736
58
1162
1724
304
702
1430
975
900
803
323
1795
47
985
1514
1933
935
1427
147
1394
1034
1249
714
486
1536
1899
7
740
927
1068
553
498
182
38
1476
585
1403
1460
1609
464
1638
1265
1159
204
1462
1729
529
395
879
1084
440
1116
160
1851
1544
503
447
1191
328
327
865
268
169
1618
206
659
1642
516
106
350
1144
1339
836
1076
222
1151
424
1219
812
1512
1894
804
1112
1100
1001
676
1455
410
242
602
515
1358
1329
296
1272
1870
1470
1616
1835
1199
861
643
728
1725
720
1698
859
419
1269
1812
462
1176
853
648
1107
1633
262
1934
1939
866
271
1596
426
893
6
466
1701
948
1023
1142
373
1408
514
810
771
1189
46
1422
237
1200
77
1412
1712
563
835
359
1290
752
1943
183
545
1493
1570
1749
1041
857
324
1687
1261
957
1105
913
1539
117
436
384
1931
1469
1129
1592
416
1120
1278
1634
862
480
1309
617
1786
1182
127
819
1505
744
1490
1784
1359
966
1071
1747
236
1750
378
1718
1322
434
924
381
778
1471
1449
774
1649
367
1254
1952
1735
1927
88
802
1109
1401
753
1942
621
339
1288
95
1229
1216
1072
243
837
1630
400
215
1537
422
1915
1519
84
1710
345
1301
630
86
297
203
1987
825
1097
227
856
1903
429
1930
1135
172
1228
166
1605
795
1661
1829
406
1594
1055
408
969
1240
1099
814
1405
1532
259
1221
1526
763
649
1426
1563
982
1094
1880
1694
1965
167
229
907
1631
1188
196
1863
1500
454
1256
22
1673
788
828
1337
926
246
591
430
1385
144
806
303
108
1171
923
1966
573
337
1719
1815
1458
532
1610
1064
335
89
609
1208
1678
1275
239
1910
81
651
844
938
107
1693
73
1015
642
1511
1428
845
1211
27
1043
767
598
1133
12
1932
1057
1425
1331
968
369
162
519
921
1674
1776
294
964
1224
631
1250
1760
1287
657
922
1924
1545
554
1762
1730
660
1017
1285
608
839
570
548
387
1110
1608
437
1384
637
136
28
605
1902
168
1772
1271
1777
1020
145
319
1126
135
1399
930
1976
1657
1689
1706
629
1775
1246
1967
583
1746
20
283
311
149
292
1132
568
1892
952
2
493
213
310
124
1503
1317
471
953
530
884
1161
1101
1214
499
1768
175
1926
687
794
1045
36
704
457
1395
523
1252
1923
901
1641
1944
791
626
1203
1867
1281
808
1597
1593
723
539
760
285
1063
1056
405
24
1299
742
1516
1377
993
1940
31
497
1635
1308
318
491
1816
1439
678
868
316
1030
961
225
509
57
614
1032
1373
1336
698
1296
1078
1884
1753
1436
1204
1485
915
1919
253
600
1559
431
990
18
1845
1615
1127
951
52
607
824
1541
662
1279
694
601
452
693
1029
1986
1202
1506
394
675
842
875
688
754
501
811
275
690
1489
595
979
1497
1791
1787
1351
1348
1872
1611
1013
735
1320
118
260
420
1650
902
1098
747
717
1124
1206
823
1314
1380
1174
655
848
1824
453
1457
312
478
967
528
377
1699
44
1012
266
25
780
1622
1006
170
847
628
527
1264
765
1416
432
1021
1755
1702
1743
211
128
1973
484
1964
1826
1450
1999
1140
1181
1538
1950
1154
999
669
389
850
654
1562
947
1680
1961
200
1947
1896
1704
683
112
189
87
1748
1554
1887
465
456
173
1222
1646
1387
565
1591
1212
826
1417
1647
1782
1716
1114
1437
1325
1024
1209
1011
903
1260
603
912
1060
51
1886
518
1928
184
1367
1664
428
1827
1800
97
80
942
1065
1731
974
1330
208
936
1201
1333
417
477
911
1230
1082
1862
946
1888
1535
348
1239